35 50
33 21 69 71
31 27 55 16
16 6 73 27
21 13 53 75
14 32 70 38
4 11 48 68
34 24 54 75
27 3 72 27
24 34 53 40
25 20 15 8
26 12 29 88
25 22 9 82
19 7 62 79
17 16 44 9
4 29 88 97
32 9 56 60
8 35 92 9
19 6 26 7
18 33 20 55
20 13 8 28
20 2 3 70
18 28 62 47
22 16 51 50
24 3 87 6
3 5 62 79
11 30 79 87
28 15 34 98
28 9 33 42
11 4 81 35
31 29 49 43
9 33 91 99
1 2 8 78
7 20 47 69
15 20 20 26
34 9 75 53
17 33 80 8
2 15 93 61
9 1 48 41
33 14 95 38
15 6 60 2
25 25 12 7
9 12 23 32
20 30 5 98
28 2 83 84
26 25 15 47
6 15 54 53
13 34 37 70
20 15 62 7
19 11 84 95
19 18 51 67
10
20 16 3279
1 10 2290
25 1 4905
31 6 1670
15 24 4090
4 23 174
18 7 2350
1 28 2716
30 26 4588
18 9 1791
0 0